CACHE type 5 produced by analog 6.0/Unix. Do not modify or delete!
T	0	0	20022	8175	0	7117	472654632
D	23225197	23408641
16128	175	3	3	17694
16128	177	18	4	349834
16128	178	12	2	20104
16128	180	12	2	0
16128	205	12	2	330302
16128	219	12	2	330302
16128	233	12	2	0
16129	56	4	4	39932
16129	84	12	2	0
16129	89	1	1	9983
16129	94	1	1	9983
16129	95	12	2	330302
16129	122	2	2	19966
16129	264	1	1	9983
16130	13	1	1	9983
16130	22	1	1	9983
16130	209	48	48	479184
16130	229	48	48	479184
16130	242	48	48	479184
16130	266	48	48	479184
16131	23	48	48	479184
16131	24	144	144	1437552
16131	30	48	48	479184
16131	251	47	47	469201
16131	257	47	47	469201
16132	77	184	0	6065008
16132	83	92	92	918436
16132	104	46	46	459218
16132	205	46	46	459218
16132	267	46	46	459218
16133	53	46	46	459218
16133	69	46	46	459218
16133	83	45	45	449235
16133	89	45	45	449235
16133	90	180	0	5933160
16133	148	270	45	7431795
16133	172	45	45	449235
16133	186	45	45	449235
16134	19	45	45	449235
16134	23	45	45	449235
16134	24	135	0	4623210
16134	147	132	88	2159344
16134	194	44	44	439252
16134	245	44	44	439252
16135	105	43	43	429269
16135	139	258	43	7101493
16135	263	43	43	429269
16136	68	43	43	429269
16136	69	129	0	4417734
16136	191	42	42	0
16136	236	252	42	6936342
16136	271	126	126	1257858
16137	205	246	41	6771191
16137	222	410	410	4093030
16137	228	410	410	4093030
16137	251	41	41	409303
16138	39	41	41	409303
16138	92	41	41	409303
16139	68	40	40	399320
16139	69	120	0	4109520
16139	106	40	40	399320
16140	137	39	39	389337
16140	251	39	39	389337
16141	163	76	38	4177872
16142	68	38	38	379354
16142	72	114	0	3904044
16143	27	37	37	369371
16143	251	36	36	359388
16145	27	35	35	349405
16145	47	140	0	4614680
16145	103	35	35	349405
16146	2	34	34	339422
16146	7	136	0	4482832
16146	281	33	33	329439
16147	139	33	33	329439
16148	251	32	32	319456
16148	266	32	32	319456
16149	2	32	32	319456
16149	6	96	0	3287616
16149	152	160	32	4538592
16150	63	31	31	0
16151	49	60	60	598980
16151	134	30	30	299490
16151	198	30	30	299490
16151	255	29	29	289507
16152	2	29	29	289507
16152	141	87	0	2979402
16155	29	28	28	279524
16155	193	28	28	279524
16155	194	28	28	279524
16155	256	28	28	279524
16157	24	27	27	269541
16157	63	27	27	269541
16157	68	27	27	269541
16157	69	81	0	2773926
16157	94	135	27	3829437
16157	95	27	0	629640
16158	40	27	27	269541
16159	7	27	27	269541
16159	59	27	27	269541
16160	194	27	27	269541
16161	194	27	27	269541
16161	217	27	27	269541
16161	249	27	27	269541
16162	159	27	27	269541
16163	154	27	27	269541
16163	187	27	27	269541
16164	95	27	27	269541
16164	100	81	0	2773926
16164	252	26	26	259558
16165	107	25	25	249575
16165	175	25	25	249575
16166	43	25	25	249575
16167	80	24	24	0
16167	197	312	192	6071808
16167	238	24	24	239592
16168	99	23	23	229609
16168	257	138	23	3262113
16168	258	23	0	949440
16169	87	22	22	219626
16170	95	21	21	209643
16170	218	105	21	2978451
16171	97	20	20	199660
16171	250	20	20	199660
16172	112	19	19	189677
16172	122	19	19	189677
16173	162	18	18	179694
16173	229	72	18	2028978
16174	138	17	17	169711
16175	145	16	16	159728
16176	72	15	15	149745
16176	179	75	15	2127465
16176	180	165	30	4604730
16176	188	15	15	149745
16176	195	90	15	2477145
16176	196	60	60	595605
16176	197	30	30	296910
16176	198	75	75	594240
16176	199	30	30	149775
16176	200	45	45	150720
16176	202	45	45	0
16176	203	15	15	0
16176	204	15	15	150720
16176	205	15	15	151260
16176	206	30	30	303285
16176	207	15	15	152430
16176	254	75	15	2130195
16176	257	15	15	152430
16177	81	154	42	3976364
16177	82	140	28	3976364
16177	117	14	14	142268
16177	164	14	14	0
16177	218	70	14	1988182
16178	69	13	13	132106
16178	91	13	13	132106
16178	126	13	13	0
16179	111	12	12	121944
16179	210	12	12	121944
16179	264	12	12	121944
16180	181	11	11	111782
16180	254	22	22	111782
16181	14	11	0	1099571
16181	35	11	0	29821
16181	36	11	0	759
16181	87	10	10	101620
16181	163	40	10	1129030
16181	262	10	10	101620
16182	1	20	20	203240
16182	128	99	18	3192768
16182	131	594	72	3489354
16182	132	90	9	0
16182	135	153	18	2201121
16182	136	90	9	0
16182	167	54	9	0
16182	172	90	9	3274812
16182	188	90	9	2125296
16182	242	144	18	226755
16182	275	81	9	3102705
16182	284	18	9	0
16183	7	9	9	97947
16183	261	8	8	87064
16184	216	7	7	76181
16184	281	7	7	76181
16185	91	6	6	65298
16185	98	42	6	151170
16185	102	60	6	2243130
16185	130	6	0	98562
16186	102	5	5	54415
16187	219	4	4	43532
16188	151	33	3	1170846
16188	219	3	3	32649
16189	90	28	4	764644
16189	91	72	8	831968
16189	92	44	4	764644
16189	93	14	4	0
16189	94	30	4	6828
16189	128	6	2	22068
16189	129	48	6	817978
16189	130	26	4	766674
16189	153	38	8	797954
16189	157	10	2	298208
16189	167	22	2	662376
16189	238	2	2	22056
16189	270	22	2	552502
16190	23	2	2	22056
16190	68	2	2	22056
16190	123	1	1	11028
16190	125	11	1	0
16190	131	29	4	387769
16190	132	8	3	202077
16190	133	3	1	0
16190	134	11	1	387875
16190	142	1	1	11026
16190	259	1	1	11026
16191	139	30	30	330780
16192	66	29	29	319754
16192	67	87	0	3136640
16192	93	319	29	11248375
16192	101	29	29	319754
16192	150	319	29	11248375
16193	100	28	28	308728
16193	101	168	28	0
16193	260	28	28	308728
16194	9	112	0	3843560
16194	254	27	0	267111
16194	274	27	0	388044
16194	280	27	0	195912
16194	287	27	0	111510
16195	6	27	0	5158377
16195	12	27	0	347679
16196	156	26	26	286676
16196	240	26	26	286676
16197	98	25	25	275650
16197	99	25	25	275650
16198	99	24	24	264624
16199	142	23	23	253598
16200	78	22	22	242572
16200	217	22	22	242572
16201	116	21	21	231546
16201	192	21	21	231546
16201	243	21	21	231546
16202	141	20	20	220520
16202	190	20	0	145120
16202	207	20	0	3821020
16202	223	20	0	287440
16202	231	20	0	82600
16203	80	19	19	209494
16203	157	19	19	209494
16203	283	19	19	0
16204	118	18	18	198468
16204	123	198	18	6981750
16204	139	126	18	4914144
16204	144	198	18	6981750
16204	181	18	18	198468
16204	191	54	18	2443284
16204	192	72	0	2470860
16204	204	126	18	4914144
16204	241	216	36	7180218
16204	249	126	18	4914144
16204	264	18	18	198468
16204	280	18	18	0
16205	9	18	18	198468
16205	159	17	17	187442
16205	160	51	0	1838720
16205	178	17	17	187442
16205	179	17	17	187442
16205	205	17	17	187442
16205	240	170	17	6099005
16205	250	119	17	4641136
16205	258	17	17	187442
16205	286	68	17	2026162
16206	3	102	0	4072843
16206	128	16	16	176416
16206	161	16	16	176416
16206	167	64	16	1906976
16206	245	176	16	6206000
16206	254	96	16	3902368
16207	100	15	15	165390
16207	102	165	15	5818125
16207	241	15	15	165390
16207	246	165	15	5818125
16207	259	105	15	4095120
16208	99	14	14	154364
16208	130	56	14	1668604
16208	132	14	14	154364
16208	241	154	14	5430250
16208	252	98	14	3822112
16209	99	13	13	143338
16209	241	143	13	5042375
16209	253	91	13	3549104
16209	259	13	13	143338
16210	84	12	12	0
16210	99	12	12	132312
16210	206	24	12	1384836
16210	239	24	0	1253352
16210	241	132	12	4654500
16210	262	84	12	3276096
16211	99	11	11	121286
16211	106	11	11	121286
16211	175	22	22	242572
16211	178	11	11	121286
16211	242	121	11	4266625
16212	8	11	11	0
16212	107	10	10	110260
16213	13	10	10	110260
16213	62	10	10	0
16213	101	9	9	99234
16213	199	9	9	99234
16213	240	9	9	99234
16213	242	108	9	4430268
16213	247	9	9	99234
16213	253	63	9	2457072
16214	99	8	8	88208
16214	189	8	8	88208
16215	7	8	8	88208
16215	18	88	8	3103000
16215	76	77	7	2715125
16215	99	7	7	77182
16215	199	7	7	0
16215	243	7	7	77182
16215	252	49	7	1911056
16216	5	7	7	77182
16216	99	6	6	66156
16216	139	66	6	2327250
16216	200	12	12	132312
16217	34	12	12	0
16217	70	55	5	1939375
16217	73	25	15	456490
16217	99	5	5	55130
16217	242	80	5	3147610
16217	250	35	5	1365040
16218	72	4	4	0
16218	99	4	4	44104
16218	140	8	4	461612
16218	231	4	4	44104
16218	245	28	4	1092032
16219	99	3	3	33078
16219	105	3	3	0
16219	190	33	3	1163625
16219	202	3	3	33078
16219	203	9	0	324480
16220	99	2	2	22052
16220	147	22	2	775750
16220	150	24	4	797802
16220	242	22	2	775750
16220	248	14	2	546016
16221	99	1	1	11026
16221	176	3	3	33078
16221	243	11	1	387875
16221	250	7	1	273008
16221	281	1	1	11026
16222	13	3	3	0
16222	50	3	0	108160
16222	99	21	21	231546
16222	154	21	21	231546
16222	241	231	21	8145375
16222	253	147	21	5733168
16223	99	20	20	220520
16223	240	20	20	220520
16223	242	220	20	7757500
16223	249	140	20	5460160
16224	99	19	19	209494
16224	243	209	19	7369625
16224	248	19	19	209494
16224	258	133	19	5187152
16225	98	18	18	198468
16225	178	18	18	198468
16225	247	18	18	198468
16225	276	18	18	198468
16226	98	17	17	187442
16227	28	17	17	0
16227	98	16	16	176416
16227	101	16	16	176416
16227	107	16	16	176416
16228	95	15	15	165390
16228	193	15	15	0
16228	205	15	15	165390
16229	94	14	14	154364
16229	225	14	14	154364
16230	94	13	13	143338
16231	95	12	12	132312
16231	120	132	12	4654500
16231	182	12	12	132312
16232	95	11	11	121286
16233	24	44	11	1311046
16233	54	11	11	121286
16233	95	10	10	110260
16233	128	10	10	110260
16233	137	10	0	291100
16234	95	18	18	198468
16234	181	9	9	99234
16235	31	9	9	99234
16235	107	24	0	865280
16235	116	8	8	88208
16235	151	8	8	88208
16235	168	8	8	88208
16235	200	16	16	0
16235	262	8	8	88208
16236	94	7	7	77182
16236	202	28	7	834302
16237	94	6	6	66156
16237	180	6	6	66156
16237	282	6	6	66156
16238	45	6	6	66156
16238	80	5	5	55130
16238	94	5	5	55130
16238	282	5	5	55130
16239	94	4	4	44104
16239	171	4	4	44104
16239	220	4	4	44104
16240	20	4	4	44104
16240	95	3	3	33078
16240	242	33	3	1163625
16240	249	21	3	819024
16241	94	2	2	22052
16242	50	22	2	775750
16242	95	1	1	11026
16242	115	8	1	377385
16242	128	2	2	22052
16243	40	16	1	629522
16243	94	1	1	11026
16243	160	11	1	387875
16243	177	7	1	273008
16243	242	11	1	387875
16244	4	16	1	629522
16244	94	1	1	11026
16244	241	11	1	387875
16245	94	1	1	11026
16245	129	7	1	273008
16246	94	1	1	11026
16246	224	1	1	11026
16246	274	4	1	119186
16247	71	1	1	11026
16247	94	1	1	11026
16247	105	3	3	0
16247	218	2	2	22052
16248	72	1	1	11026
16248	82	8	1	377385
16248	95	1	1	11026
16248	179	1	1	11026
16248	227	1	1	11026
16248	228	3	0	108160
16248	252	1	1	11026
16249	50	1	1	11026
16249	86	7	1	273008
16249	94	1	1	11026
16249	160	1	1	11026
16249	262	1	1	11026
16250	94	1	1	11026
16250	176	3	3	0
16250	199	7	1	273008
16250	246	11	1	387875
16251	56	1	1	11026
16251	94	1	1	11026
16251	130	1	1	11026
16251	221	7	1	273008
16252	94	1	1	11026
16252	196	9	1	285566
16253	11	1	1	0
16253	94	1	1	11026
16253	158	7	1	273008
16254	94	1	1	11026
16254	150	25	2	700238
16254	165	1	1	0
16254	237	1	1	0
16255	64	7	1	273008
16255	95	1	1	11026
1	0	0	0	28	0	0	23263349	0	0	23263349	0	/wp
1	9	0	0	9	23302724	0	23302722	23302724	0	23302722	47358	/img/linked.png
1	1924	0	0	0	23407522	0	0	23225209	0	0	5669963	/css/carousel.css
1	0	0	0	9	0	0	23377912	0	0	23377912	0	/backup/database
1	615	0	0	9	23406513	0	23302722	23302724	0	23302722	5649806	/img/sparclogo.png
1	0	0	0	2	0	0	23312807	0	0	23312807	0	/index
1	1894	0	0	0	23407522	0	0	23225214	0	0	123579	/style.css
1	2257	0	0	0	23407522	0	0	23225208	0	0	216444125	/css/bootstrap.min.css
1	1	1	0	0	23228249	0	0	23228249	0	0	9983	/?188.226.189.197
1	8	8	0	0	23228249	0	0	23228249	0	0	79864	/?198.101.238.203
1	0	0	0	70	0	0	23379700	0	0	23235694	0	/wordpress/wp-admin/
1	634	0	0	0	23406513	0	0	23302735	0	0	7223744	/img/linkedInIcon.jpg
1	0	0	0	28	0	0	23263349	0	0	23263349	0	/wordpress
1	1492	0	0	0	23407522	0	0	23225208	0	0	39473160	/js/bootstrap.min.js
1	0	0	0	83	0	0	23403500	0	0	23292622	0	/admin.php
1	0	0	0	36	0	0	23346789	0	0	23226232	0	/admin
1	0	0	0	28	0	0	23263349	0	0	23263349	0	/drupal
1	0	0	0	2255	0	0	23406585	0	0	23229897	0	/robots.txt
1	0	0	0	655	0	0	23406513	0	0	23225208	0	/favicon.ico
1	0	0	0	229	0	0	23389124	0	0	23312807	0	/about.html
1	51	0	0	0	23311478	0	0	23303293	0	0	472296	/img/sotera.png
1	624	0	0	9	23406513	0	23302722	23302724	0	23302722	3642512	/img/github.png
1	0	0	0	49	0	0	23387759	0	0	23226232	0	/administrator
1	11	11	0	1	23407522	0	23403263	23391834	0	23403263	121286	/?23.236.50.235
1	0	0	0	2	0	0	23312807	0	0	23312807	0	/contact.html
1	2	2	0	0	23228249	0	0	23228249	0	0	19966	/?184.168.224.190
1	39	39	0	0	23315736	0	0	23228249	0	0	420627	/?94.242.222.29
1	0	0	0	1	0	0	23408641	0	0	23408641	0	/news/wp-trackback.php
1	0	0	0	6	0	0	23382985	0	0	23382985	0	/admin/config.php
1	480	0	0	0	23406513	0	0	23312614	0	0	4183846	/img/sotera-logo.png
1	624	0	0	9	23406513	0	23302722	23302724	0	23302722	2036090	/img/twittericon.png
1	0	0	0	5	0	0	23352835	0	0	23352835	0	/components/com_search/views/search/metadata.xml
1	0	0	0	1	0	0	23408641	0	0	23408641	0	/wp-trackback.php
1	0	0	0	70	0	0	23379700	0	0	23235694	0	/blog/wp-admin/
1	0	0	0	8	0	0	23360028	0	0	23360028	0	/wp-login.php?23.236.50.239
1	0	0	0	2	0	0	23360028	0	0	23360028	0	/wp-login.php?23.236.50.235
1	0	0	0	11	0	0	23360028	0	0	23360028	0	/wp-login.php?94.242.222.29
1	259	0	0	0	23407522	0	0	23334458	0	0	5266765	/fonts/glyphicons-halflings-regular.eot?
1	0	0	0	28	0	0	23263349	0	0	23263349	0	/joomla
1	0	0	0	50	0	0	23403500	0	0	23299931	0	/administrator/
1	460	0	0	1	23406513	0	23314257	23314258	0	23314257	81587777	/img/blurredimage.jpg
1	0	0	0	1	0	0	23408641	0	0	23408641	0	/blog/wp-trackback.php
1	0	0	0	8	0	0	23348670	0	0	23348670	0	/test/wp-login.php
1	0	0	0	8	0	0	23348670	0	0	23348670	0	/wp/wp-login.php
1	0	0	0	1	0	0	23408641	0	0	23408641	0	/wp/wp-trackback.php
1	48	48	0	0	23228760	0	0	23228760	0	0	479184	/?fb_locale=fr_FR
1	206	0	0	9	23312811	0	23302722	23302724	0	23302722	13946723	/img/blurred-colors.jpg
1	0	0	0	284	0	0	23407522	0	0	23334458	0	/assets/js/ie8-responsive-file-warning.js
1	5	5	0	0	23228249	0	0	23225197	0	0	41745	/?97.74.104.6
1	0	0	0	238	0	0	23360028	0	0	23292622	0	/administrator/index.php
1	246	0	0	0	23294419	0	0	23225208	0	0	5503520	/fonts/glyphicons-halflings-regular.woff
1	0	0	0	40	0	0	23349557	0	0	23349557	0	/default.php
1	0	0	0	2317	0	0	23407522	0	0	23225208	0	/js/docs.min.js
1	8036	8036	0	25	23407678	0	23403616	23225197	0	23341237	76528455	/
1	0	0	0	27	0	0	23268995	0	0	23268995	0	/sitemap.xml
1	1	1	0	0	23228249	0	0	23228249	0	0	9983	/?199.30.228.147
1	0	0	0	37	0	0	23348670	0	0	23317473	0	/blog/wp-login.php
1	9	0	0	57	23311478	0	23306912	23307050	0	23303293	147843	/img/sparc.png
1	0	0	0	36	0	0	23346789	0	0	23226232	0	/user
1	0	0	0	28	0	0	23263349	0	0	23263349	0	/blog
1	47	0	0	0	23283211	0	0	23281466	0	0	1940160	/fonts/glyphicons-halflings-regular.ttf
1	0	0	0	8	0	0	23348670	0	0	23348670	0	/news/wp-login.php
1	6	6	0	0	23228249	0	0	23228249	0	0	59898	/?95.81.255.102
1	0	0	0	184	0	0	23403500	0	0	23226232	0	/wp-login.php
1	0	0	0	1	0	0	23390286	0	0	23390286	0	/admin/fckeditor/editor/filemanager/connectors/test.html?23.236.50.235
1	16	0	0	0	23314256	0	0	23312927	0	0	1344680	/img/pelicanbackground.jpg
1	0	0	0	2	0	0	23312806	0	0	23312806	0	/boner
1	0	0	0	34	0	0	23250644	0	0	23250644	0	/ajax.list.search.php
1	18	18	0	0	23228249	0	0	23228249	0	0	179694	/?216.145.14.142
1	0	0	0	70	0	0	23379700	0	0	23235694	0	/wp-admin/
1	0	0	0	8	0	0	23348670	0	0	23348670	0	/wordpress/wp-login.php
3	28	28	0	0	23318426	0	0	23318426	0	0	0	http://t.co/Lh73pyCQFc
3	0	0	0	28	0	0	23263349	0	0	23263349	0	http://adamclaysmith.com/wordpress
3	0	0	0	28	0	0	23263349	0	0	23263349	0	http://adamclaysmith.com/wp
3	0	0	0	28	0	0	23263349	0	0	23263349	0	http://adamclaysmith.com/blog
3	5	0	0	0	23352845	0	0	23352845	0	0	145550	http://www.adamclaysmith.com/js/bootstrap.min.js
3	506	506	0	0	23407522	0	0	23334379	0	0	5579156	http://yandex.ru/yandsearch?text=adam+clay&lr=213
3	1	1	0	0	23404377	0	0	23404377	0	0	0	http://www.google.com/search?q=online+reputation+management+akado
3	1	1	0	0	23406513	0	0	23406513	0	0	11026	https://www.facebook.com/
3	42	42	0	0	23236799	0	0	23236799	0	0	0	http://www.netcraft.com/survey/
3	0	0	0	8	0	0	23379213	0	0	23379213	0	http://adamclaysmith.com/wp-login.php
3	0	0	0	5	0	0	23352846	0	0	23352846	0	http://adamclaysmith.com/js/docs.min.js
3	174	174	0	0	23399871	0	0	23235718	0	0	1799182	http://whois.domaintools.com/adamclaysmith.com
3	0	0	0	9	0	0	23377912	0	0	23377912	0	http://adamclaysmith.com/backup/database
3	0	0	0	13	0	0	23387759	0	0	23375187	0	http://adamclaysmith.com/administrator
3	41	41	0	0	23239181	0	0	23239181	0	0	409303	http://testingforex.com/
3	0	0	0	28	0	0	23263349	0	0	23263349	0	http://adamclaysmith.com/drupal
3	0	0	0	9	0	0	23347716	0	0	23347716	0	http://adamclaysmith.com/about.html
3	37	37	0	0	23246058	0	0	23246058	0	0	369371	http://adamcallawayconsulting.com/
3	0	0	0	183	0	0	23336866	0	0	23296897	0	http://adamclaysmith.com/administrator/index.php
3	584	29	0	143	23406513	0	23406513	23226373	0	23231971	18771370	http://www.adamclaysmith.com/
3	0	0	0	40	0	0	23349557	0	0	23349557	0	http://adamclaysmith.com/default.php
3	5	5	0	0	23352834	0	0	23352834	0	0	55130	http://www.google.de/imgres?imgurl=http://www.adamclaysmith.com/img/blurredimage.jpg&imgrefurl=http://www.adamclaysmith.com/&h=1080&w=1920&tbnid=n3f-apXWrWpYoM:&zoom=1&docid=cqJTD2yXWoUWvM&hl=de&ei=pziDU_rnKO6S7AaA74GIBw&tbm=isch&iact=rc&uact=3&dur=788&page=7&start=310&ndsp=52&ved=0CGAQrQMwHjisAg
3	5	0	0	0	23352845	0	0	23352845	0	0	145550	http://adamclaysmith.com/js/bootstrap.min.js
3	0	0	0	2	0	0	23312807	0	0	23312807	0	http://adamclaysmith.com/index.html
3	3	3	0	0	23396208	0	0	23396208	0	0	0	http://www.google.com/search?q=installerex+review
3	6	6	0	0	23382945	0	0	23382945	0	0	66156	http://mawords.com/adamclaysmith.com
3	131	131	0	0	23379400	0	0	23333735	0	0	0	http://wmaid.com/explore/adamclaysmith.com
3	0	0	0	5	0	0	23352846	0	0	23352846	0	http://www.adamclaysmith.com/js/docs.min.js
3	3	3	0	0	23400880	0	0	23400880	0	0	0	http://wmaid.com/explore/adamclaysmith.com/
3	9083	170	0	2586	23407522	0	23407522	23225208	0	23225208	293305059	http://adamclaysmith.com/
3	135	135	0	0	23302760	0	0	23232260	0	0	534429	http://www.google.com/url?q=http://adamclaysmith.com&sa=D&sntz=1&usg=AFQjCNER-10qJ5SL7xK0G-F2A0yqd8ZiQQ
3	2	2	0	0	23357553	0	0	23357553	0	0	22052	http://www.google.com/search
3	33	33	0	0	23385700	0	0	23349108	0	0	363858	http://privhosting.com/
3	0	0	0	28	0	0	23263349	0	0	23263349	0	http://adamclaysmith.com/joomla
3	12	12	0	0	23352654	0	0	23352654	0	0	0	http://www.google.com/search?q=installerex+facebook
3	3	3	0	0	23311478	0	0	23311478	0	0	32649	http://r.search.yahoo.com/_ylt=A0SO8xGLXF1TsDQAxaJXNyoA
3	5	5	0	0	23384134	0	0	23384134	0	0	55130	http://google.com/
4	0	0	0	8	0	0	23379213	0	0	23379213	0	Mozilla/5.0 (Windows NT 6.1; WOW64; rv:29.0) Gecko/20120101 Firefox/29.0
4	17	0	0	0	23336631	0	0	23336631	0	0	63138	Mozilla/5.0 (X11; Linux x86_64; rv:26.0) Gecko/20100101 Firefox/26.0
4	160	32	0	64	23255322	0	23255322	23255322	0	23255322	4538592	Mozilla/5.0 (compatible; aiHitBot/2.8; +http://endb-consolidated.aihit.com/)
4	43	43	0	0	23359121	0	0	23237198	0	0	430312	SEOstats 2.1.0          https://github.com/eyecatchup/SEOstats
4	42	42	0	0	23236799	0	0	23236799	0	0	0	Mozilla/4.0 (compatible; Netcraft Web Server Survey)
4	0	0	0	48	0	0	23292622	0	0	23292622	0	Opera/9.80 (Windows NT 6.1; U; ru) Presto/2.8.131 Version/11.10
4	20	10	0	10	23352845	0	23352846	23352845	0	23352846	401360	Mozilla/5.0 (Macintosh; Intel Mac OS X 10_7_1) AppleWebKit/535.1 (KHTML, like Gecko) Chrome/13.0.782.215 Safari/535.1
4	49	49	0	0	23355078	0	0	23232384	0	0	493339	Mozilla/4.0 (compatible; MSIE 6.0; Windows 98; Win 9x4.90)
4	250	30	0	30	23340729	0	23340729	23337911	0	23337911	9332618	Mozilla/4.0 (compatible; MSIE 7.0; Windows NT 5.1; .NET CLR 1.1.4322; .NET CLR 2.0.50727)
4	28	28	0	0	23264484	0	0	23264484	0	0	279524	Mozilla/5.0 (Windows NT 6.1; WOW64) AppleWebKit/535.1 (KHTML, like Gecko) Chrome/13.0.782.112 Safari/535.1
4	20	20	0	0	23349639	0	0	23298813	0	0	210152	Mozilla/5.0 (X11; U; Linux i686; en-US; rv:1.7.5) Gecko/20041107 Firefox/1.0
4	8	8	0	0	23378980	0	0	23378980	0	0	88208	Mozilla/5.0 (Windows NT 6.1) AppleWebKit/535.12 (KHTML, like Gecko) Maxthon/3.0 Chrome/18.0.966.0 Safari/535.12
4	231	21	0	21	23360886	0	23360886	23360886	0	23360886	8145375	Mozilla/4.0 (compatible; MSIE 8.0; Windows NT 5.1; Trident/4.0; .NET CLR 1.1.4322; .NET CLR 2.0.50727; InfoPath.1)
4	73	13	0	6	23351737	0	23351737	23350819	0	23351737	2404432	Mozilla/5.0 (Windows; U; Windows NT 5.1; ru; rv:1.9.2.12) Gecko/20101026 Firefox/3.6.12 YB/5.0.3
4	132	88	0	132	23233698	0	23233698	23233698	0	23233698	2159344	Mozilla/4.0 (compatible; http://search.thunderstone.com/texis/websearch/about.html)
4	18	18	0	18	23334353	0	23334353	23334353	0	23334353	198468	AppEngine-Google; (+http://code.google.com/appengine; appid: s~getfavicon27)
4	963	963	0	0	23407678	0	0	23277422	0	0	10320143	NerdyBot
4	363	33	0	33	23339314	0	23339314	23334968	0	23334968	12799875	Mozilla/4.0 (compatible; MSIE 8.0; Windows NT 5.1; Trident/4.0; .NET CLR 1.1.4322; .NET CLR 2.0.50727; .NET CLR 3.0.4506.2152; .NET CLR 3.5.30729)
4	27	2	0	5	23391380	0	23391380	23391133	0	23391133	1017397	Opera/9.80 (Windows NT 6.0; U; ru) Presto/2.6.30 Version/10.63
4	22	2	0	2	23357553	0	23357553	23357553	0	23357553	775750	Mozilla/5.0 (X11; Linux x86_64) AppleWebKit/537.36 (KHTML, like Gecko; Google Web Preview) Chrome/27.0.1453 Safari/537.36
4	33	33	0	33	23251646	0	23251646	23251646	0	23251646	329439	CB/Nutch-1.7
4	162	0	0	91	23320863	0	23233252	23320634	0	23231881	6468633	Googlebot-Image/1.0
4	119	17	0	34	23336452	0	23336452	23336452	0	23336452	4641136	Mozilla/4.0 (compatible; MSIE 7.0; Windows NT 5.1; .NET CLR 1.1.4322; .NET CLR 2.0.50727; InfoPath.1; .NET CLR 3.0.4506.2152; .NET CLR 3.5.30729)
4	1	1	0	0	23397480	0	0	23397480	0	0	11026	Mozilla/5.0 (Windows NT 6.1; WOW64; rv:27.0) Gecko/20100101 Firefox/27.0
4	6	6	0	0	23382945	0	0	23382945	0	0	66156	Mozilla/5.0 (Windows NT 5.1; rv:21.0) Gecko/20100101 Firefox/28.0
4	0	0	0	60	0	0	23362535	0	0	23362535	0	Mozilla/5.0 (Windows NT 5.1) AppleWebKit/537.1 (KHTML, like Gecko) Chrome/24.0.1309.0 Safari/537.17
4	132	12	0	12	23343608	0	23343608	23343608	0	23343608	4654500	Mozilla/5.0 (Windows; U; Windows NT 6.1; ru; rv:1.9.2.12) Gecko/20101026 Firefox/3.6.12 YB/5.1.3
4	127	127	0	188	23379156	0	23378806	23324171	0	23324171	1400302	Mozilla/5.0 (compatible; YandexBot/3.0; +http://yandex.com/bots)
4	45	45	0	45	23328391	0	23328391	23327272	0	23327272	496170	Gimme60/Nutch-1.8 (page refresh: please visit gimme60.com; gimme60.com; support _AT__SIGN_ gimmie60 _DOT_COM_)
4	1	1	0	0	23404377	0	0	23404377	0	0	0	Mozilla/5.0 (Windows NT 6.2; WOW64) AppleWebKit/537.17 (KHTML, like Gecko) Chrome/24.0.1312.60 Safari/537.17
4	0	0	0	117	0	0	23360028	0	0	23302762	0	Mozilla/5.0 (Windows NT 6.1; WOW64; Trident/7.0; rv:11.0) like Gecko
4	32	32	0	32	23254451	0	23254452	23254451	0	23254452	319456	AdnormCrawler www.adnorm.com/crawler
4	1	1	0	0	23395363	0	0	23395363	0	0	11026	Mozilla/5.0 (Macintosh; Intel Mac OS X 10_6_6) AppleWebKit/534.24 (KHTML, like Gecko) Chrome/11.0.696.12 Safari/534.24
4	27	27	0	81	23268995	0	23268995	23268995	0	23268995	269541	Mozilla/5.0 (Windows; U; Windows NT 5.1; en-US; rv:1.9.0.5) Gecko/2008120122 Firefox/3.0.5
4	0	0	0	8	0	0	23379700	0	0	23379700	0	Mozilla/5.0 (compatible; MSIE 9.0; Windows NT 6.1; WOW64; Trident/5.0; SLCC2; Media Center PC 6.0; InfoPath.3; MS-RTC LM 8; Zune 4.7)
4	22	2	0	4	23313511	0	23313511	23313511	0	23313511	552502	Mozilla/5.0 (Macintosh; Intel Mac OS X 10_9_2) AppleWebKit/537.36 (KHTML, like Gecko) Chrome/34.0.1847.131 Safari/537.36
4	36	6	0	8	23312945	0	23312945	23312811	0	23312811	1064882	Mozilla/5.0 (Windows NT 6.1; WOW64) AppleWebKit/537.36 (KHTML, like Gecko) Chrome/34.0.1847.116 Safari/537.36
4	11	1	0	2	23406513	0	23406513	23406513	0	23406513	387875	Mozilla/5.0 (Macintosh; Intel Mac OS X 10_9_3) AppleWebKit/537.36 (KHTML, like Gecko) Chrome/35.0.1916.153 Safari/537.36
4	389	43	0	173	23316946	0	23316971	23295291	0	23295291	13236557	Mozilla/5.0 (Macintosh; Intel Mac OS X 10_9_2) AppleWebKit/537.75.14 (KHTML, like Gecko) Version/7.0.3 Safari/537.75.14
4	6	6	0	0	23352654	0	0	23352654	0	0	0	Opera/9.80 (Windows NT 6.2; Win64; x64) Presto/2.12.388 Version/12.14
4	7	1	0	2	23393448	0	23393448	23393448	0	23393448	273008	Mozilla/4.0 (compatible; MSIE 6.0; Windows NT 5.0)
4	0	0	0	40	0	0	23349557	0	0	23349557	0	Mozilla/5.0 (Macintosh; Intel Mac OS X 10.8; rv:22.0) Gecko/20100101 Firefox/22.0
4	168	168	0	0	23281466	0	0	23281466	0	0	1677144	Java/1.6.0_33
4	86	86	0	0	23359121	0	0	23237198	0	0	860624	wscheck.com/1.0.0 (+http://wscheck.com/)
4	1	1	0	0	23226207	0	0	23226207	0	0	9983	Mozilla/5.0 (Macintosh; U; Intel Mac OS X 10.5; en-US; rv:1.9.2.13) Gecko/20101203 Firefox/3.6.13 GTB7.1
4	5	5	0	0	23383122	0	0	23383122	0	0	55130	Mozilla/5.0 (Windows; U; Windows NT 6.0; en-US; rv:1.9.2.3) Gecko/20100401 Firefox/3.6.3 GTB6 (.NET CLR 3.5.30729)
4	54	0	0	0	23290267	0	0	23290267	0	0	1849284	Java/1.6.0_31
4	18	18	0	0	23335249	0	0	23335249	0	0	198468	domainsbot (+http://www.domainsbot.com)
4	22	22	0	0	23300472	0	0	23300472	0	0	111782	Mozilla/5.0 (Windows NT 5.1; rv:14.0) Gecko/20100101 Firefox/14.0.1 AlexaToolbar/alxf-2.17
4	6	6	0	0	23382183	0	0	23382183	0	0	66156	Mozilla/5.0 (Windows NT 6.1; WOW64; rv:23.0) Gecko/20100101 Firefox/23.0
4	738	738	0	0	23238420	0	0	23238394	0	0	7367454	Java/1.6.0_24
4	1	1	0	0	23398380	0	0	23398380	0	0	11026	Mozilla/4.0 (compatible; MSIE 6.0; Windows NT)
4	9	9	0	9	23347716	0	23347716	23347716	0	23347716	99234	Mozilla/5.0 (compatible; MSIE 9.0; Windows NT 6.0; Win64; x64; Trident/5.0)
4	98	14	0	28	23340782	0	23340782	23340782	0	23340782	3822112	Mozilla/4.0 (compatible; MSIE 7.0; Windows NT 6.0; SLCC1; .NET CLR 2.0.50727; .NET CLR 3.5.30729; .NET CLR 3.0.30618)
4	96	18	0	42	23312807	0	23312807	23295287	0	23295287	2776924	Mozilla/5.0 (Macintosh; Intel Mac OS X 10_8_5) AppleWebKit/537.36 (KHTML, like Gecko) Chrome/34.0.1847.116 Safari/537.36
4	34	4	0	16	23314217	0	23314217	23311478	0	23311478	1181874	Mozilla/5.0 (Windows NT 6.1; WOW64; rv:7.0.1) Gecko/20100101 Firefox/7.0.1
4	22	2	0	2	23312998	0	23312998	23312998	0	23312998	662376	Mozilla/5.0 (iPhone; CPU iPhone OS 7_1 like Mac OS X) AppleWebKit/537.51.2 (KHTML, like Gecko) Version/7.0 Mobile/11D167 Safari/9537.53
4	21	3	0	6	23386847	0	23386847	23386846	0	23386846	819024	Mozilla/4.0 (compatible; MSIE 7.0; Windows NT 5.1; .NET CLR 1.1.4322; .NET CLR 2.0.50727; InfoPath.1)
4	48	48	0	0	23228759	0	0	23228759	0	0	479184	Mozilla/4.0 (compatible; MSIE 7.0; Windows NT 5.1; .NET CLR 1.0.3705; .NET CLR 1.1.4322; Media Center PC 4.0)
4	8	1	0	3	23397530	0	23397530	23397530	0	23397530	377385	Mozilla/4.0 (compatible; MSIE 6.0; Windows NT 5.1; SV1; .NET CLR 2.0.50727; .NET CLR 3.0.04506.30)
4	91	13	0	26	23342228	0	23342228	23342228	0	23342228	3549104	Mozilla/4.0 (compatible; MSIE 6.0; Windows NT 5.1; SV1; .NET CLR 1.1.4322; .NET CLR 2.0.50727; InfoPath.1)
4	11	1	0	1	23392567	0	23392567	23392567	0	23392567	387875	Mozilla/4.0 (compatible; MSIE 8.0; Windows NT 5.1; Trident/4.0; InfoPath.2)
4	82	82	0	0	23379713	0	0	23242288	0	0	843638	Mozilla/5.0 (compatible; NetcraftSurveyAgent/1.0; +info@netcraft.com)
4	35	5	0	10	23353733	0	23353733	23353733	0	23353733	1365040	Mozilla/4.0 (compatible; MSIE 7.0; Windows NT 5.1; .NET CLR 1.1.4322; .NET CLR 2.0.50727; .NET CLR 3.0.4506.2152; .NET CLR 3.5.30729)
4	33	3	0	3	23356310	0	23356310	23356310	0	23356310	1163625	Opera/9.80 (Windows NT 5.1; U; ru) Presto/2.6.30 Version/10.63
4	258	43	0	129	23235095	0	23235095	23235095	0	23235095	7101493	Mozilla/5.0 (Macintosh; Intel Mac OS X 10_8_5) AppleWebKit/537.36 (KHTML, like Gecko) Chrome/33.0.1750.146 Safari/537.36
4	59	59	0	0	23258715	0	0	23258430	0	0	588997	Mozilla/5.0 (Windows NT 6.1; WOW64; rv:18.0) Gecko/20100101 Firefox/18.0
4	140	20	0	40	23362366	0	23362366	23362366	0	23362366	5460160	Mozilla/4.0 (compatible; MSIE 6.0; Windows NT 5.1; SV1; .NET CLR 1.1.4322; .NET CLR 2.0.50727; .NET CLR 3.0.4506.2152; .NET CLR 3.5.30729)
4	22	2	0	2	23388734	0	23388734	23388734	0	23388734	775750	Mozilla/4.0 (compatible; MSIE 8.0; Windows NT 6.1; WOW64; Trident/4.0; SLCC2; .NET CLR 2.0.50727; .NET CLR 3.5.30729; .NET CLR 3.0.30729; OfficeLiveConnector.1.3; OfficeLivePatch.0.0; MAAU)
4	209	19	0	19	23359456	0	23359456	23334379	0	23334379	7369625	Mozilla/4.0 (compatible; MSIE 8.0; Windows NT 6.1; WOW64; Trident/4.0; SLCC2; .NET CLR 2.0.50727; .NET CLR 3.5.30729; .NET CLR 3.0.30729; Media Center PC 6.0)
4	0	0	0	14	0	0	23340146	0	0	23340146	0	Mozilla/5.0 (compatible; Gimme60bot/1.0; +http://gimme60.com)
4	17	17	0	1	23306040	0	23390286	23301950	0	23390286	177801	Mozilla/4.0 (compatible; MSIE 8.0; Windows NT 6.1; Trident/4.0)
4	5	5	0	0	23402093	0	0	23385016	0	0	55130	Mozilla/4.0 (compatible; MSIE 5.5; Windows NT)
4	405	56	0	113	23390724	0	23390724	23334458	0	23334458	15759829	Mozilla/4.0 (compatible; MSIE 7.0; Windows NT 5.1; .NET CLR 2.0.50727)
4	0	0	0	3	0	0	23403616	0	0	23402917	0	Mozilla/4.0 (compatible; MSIE 6.0; Windows NT 5.1; SV1;)
4	91	91	0	0	23232454	0	0	23231865	0	0	908453	Mozilla/5.0 (X11; Ubuntu; Linux x86_64; rv:11.0) Gecko/20100101 Firefox/11.0
4	27	27	0	0	23267721	0	0	23267721	0	0	269541	Mozilla/5.0 (Windows NT 6.1; WOW64) AppleWebKit/537.36 (KHTML, like Gecko) Chrome/27.0.1453.110 Safari/537.36
4	17	17	0	0	23336092	0	0	23336092	0	0	187442	Mozilla/5.0 (Windows; U; Windows NT 6.1; ru-RU; AppleWebKit/534.16; KHTML; like Gecko; Chrome/10.0.648.11;Safari/534.16)
4	96	96	0	108	23389124	0	23389124	23234185	0	23234185	972674	Mozilla/5.0 (X11; Ubuntu; Linux i686; rv:14.0; ips-agent) Gecko/20100101 Firefox/14.0.1
4	18	18	0	0	23334968	0	0	23334968	0	0	198468	Mozilla/5.0 (Windows NT 6.1) AppleWebKit/537.36 (KHTML, like Gecko) Chrome/34.0.1847.131 Safari/537.36
4	18	18	0	17	23365381	0	23366819	23365381	0	23366819	198468	Mozilla/5.0 (compatible; Gimme60bot/1.0; +http://gimme60.com) Firefox/16.0
4	3	3	0	0	23396208	0	0	23396208	0	0	0	Opera/9.80 (Windows NT 6.0; WOW64) Presto/2.12.388 Version/12.14
4	142	142	0	0	23272811	0	0	23227265	0	0	1417586	Mozilla/5.0 (Windows NT 6.1; WOW64) AppleWebKit/534.24 (KHTML, like Gecko) Chrome/11.0.696.71 Safari/534.24
4	0	0	0	48	0	0	23348670	0	0	23348670	0	Mozilla/5.0 (compatible; bingbot/2.0; +http://www.bing.com/bingbot.htm
4	48	48	0	0	23228345	0	0	23228345	0	0	479184	Ruby
4	0	0	0	17	0	0	23336631	0	0	23336631	0	Mozilla/5.0 (Macintosh; Intel Mac OS X 10_9_1) AppleWebKit/537.36 (KHTML, like Gecko) Chrome/32.0.1700.68 Safari/537.36
4	187	17	0	34	23373243	0	23373243	23352834	0	23352834	6593875	Mozilla/5.0 (Windows NT 6.1; WOW64) AppleWebKit/537.36 (KHTML, like Gecko) Chrome/35.0.1916.114 Safari/537.36
4	45	45	0	0	23233058	0	0	23233058	0	0	449235	Mozilla/5.0 (Windows NT 6.2; WOW64) AppleWebKit/537.36 (KHTML, like Gecko) Chrome/27.0.1453.116 Safari/537.36
4	36	36	0	10	23346789	0	23346789	23226232	0	23346789	369818	Mozilla/5.0 (compatible; MSIE 9.0; Windows NT 6.1; CrawlDaddy v0.3.0 abot v1.2.0.0 http://code.google.com/p/abot)
4	0	0	0	102	0	0	23379700	0	0	23235694	0	Mozilla/5.0 (Windows NT 6.2; WOW64) AppleWebKit/537.14 (KHTML, like Gecko) Chrome/24.0.1292.0 Safari/537.14
4	170	17	0	0	23336404	0	0	23336404	0	0	6099005	Mozilla/4.0 (compatible; MSIE 6.0; Windows NT 5.1; SV1; .NET CLR 1.1.4322; .NET CLR 2.0.50727)
4	164	164	0	0	23396774	0	0	23230498	0	0	1653904	Mozilla/5.0 (Windows; U; Windows NT 5.1; en-US; rv:1.9.1.8) Gecko/20100202 Firefox/3.5.8 ( .NET CLR 3.5.30729)
4	46	46	0	46	23231788	0	23231788	23231788	0	23231788	459218	Mozilla/5.0 (compatible; MSIE 9.0; Windows NT 6.1; WOW64; Trident/5.0; chromeframe/19.0.1084.52)
4	2825	762	0	1322	23406945	0	23406585	23229897	0	23229897	78250030	Mozilla/5.0 (compatible; Googlebot/2.1; +http://www.google.com/bot.html)
4	80	0	0	0	23332038	0	0	23331832	0	0	4336180	Mozilla/5.0 (compatible; YandexImages/3.0; +http://yandex.com/bots)
4	0	0	0	3	0	0	23398652	0	0	23398652	0	Mozilla/5.0 (Windows NT 6.1) AppleWebKit/537.1 (KHTML, like Gecko) Chrome/22.0.1229.79 Safari/537.4
4	0	0	0	2	0	0	23387789	0	0	23387789	0	Comodo-Webinspector-Crawler 2.2.1, http://www.comodorobot.com
4	0	0	0	96	0	0	23382985	0	0	23285719	0	Mozilla/5.0 (Macintosh; U; Intel Mac OS X 10.6; fr; rv:1.9.2.8) Gecko/20100722 Firefox/3.6.8
4	20	20	0	0	23331589	0	0	23331589	0	0	220520	Mozilla/5.0 (Windows NT 6.1; WOW64; rv:28.0) Gecko/20100101 Firefox/28.0
4	6	6	0	0	23352654	0	0	23352654	0	0	0	Mozilla/5.0 (compatible; MSIE 10.0; Windows NT 6.2; Trident/6.0)
4	220	20	0	20	23362333	0	23362333	23362333	0	23362333	7757500	Mozilla/4.0 (compatible; MSIE 6.0; Windows NT 5.1; SV1; InfoPath.1; .NET CLR 2.0.50727)
4	48	48	0	0	23228413	0	0	23228413	0	0	479184	Mozilla/5.0 (Windows; U; Windows NT 6.0; fr; rv:1.9.0.1) Gecko/2008070208 Firefox/21.0
4	126	18	0	18	23335007	0	23335006	23335006	0	23335006	4914144	Mozilla/4.0 (compatible; MSIE 7.0; Windows NT 5.1; .NET CLR 1.1.4322)
4	17	0	0	0	23336631	0	0	23336631	0	0	1173	Mozilla/5.0 (Windows NT 5.1; rv:26.0) Gecko/20100101 Firefox/26.0
4	36	6	0	9	23226181	0	23226181	23225419	0	23225419	330302	Mozilla/5.0 (Linux; Android 4.3; SCH-I535 Build/JSS15J) AppleWebKit/537.36 (KHTML, like Gecko) Chrome/33.0.1750.132 Mobile Safari/537.36
4	33	33	0	60	23385700	0	23336631	23349108	0	23235694	363858	Mozilla/5.0 (compatible; MSIE 10.0; Windows NT 6.1; WOW64; Trident/6.0)
4	105	15	0	30	23339378	0	23339378	23339377	0	23339377	4095120	Mozilla/4.0 (compatible; MSIE 7.0; Windows NT 5.1; .NET CLR 1.1.4322; .NET CLR 2.0.50727; .NET CLR 3.0.04506.30)
4	12	2	0	2	23225347	0	23225347	23225347	0	23225347	330302	Mozilla/5.0 (iPhone; CPU iPhone OS 7_0_6 like Mac OS X) AppleWebKit/537.51.1 (KHTML, like Gecko) Version/7.0 Mobile/11B651 Safari/9537.53
4	0	0	0	9	0	0	23408641	0	0	23352835	0	Mozilla/4.0 (compatible; MSIE 8.0; Windows NT 6.0; Trident/4.0; Mozilla/4.0 (compatible; MSIE 6.0; Windows NT 5.1; SV1); .NET CLR 3.5.30729)
4	0	0	0	19	0	0	23288637	0	0	23288637	0	Mozilla/5.0 (compatible; MSIE 9.0; Windows NT 7.1; Trident/5.0)
4	101	19	0	14	23349980	0	23349980	23343431	0	23349980	4099961	Mozilla/5.0 (Macintosh; Intel Mac OS X 10_9_3) AppleWebKit/537.75.14 (KHTML, like Gecko) Version/7.0.3 Safari/537.75.14
4	37	37	0	0	23246058	0	0	23246058	0	0	369371	CATExplorador/1.0beta (sistemes at domini dot cat; http://domini.cat/catexplorador.html)
4	44	44	0	0	23233932	0	0	23233932	0	0	439252	Mozilla/5.0 (Windows NT 6.1; WOW64) AppleWebKit/537.1 (KHTML, like Gecko) Chrome/21.0.1180.89 Safari/537.1
4	88	8	0	8	23349690	0	23349690	23349690	0	23349690	3103000	Opera/9.80 (Windows NT 6.1; U; MRA 5.7 (build 03757); ru) Presto/2.6.30 Version/10.63
4	124	124	0	0	23249318	0	0	23230604	0	0	1237892	Mozilla/5.0 (Windows NT 5.1) AppleWebKit/537.36 (KHTML, like Gecko) Chrome/31.0.1650.16 Safari/537.36
4	108	9	0	18	23347932	0	23347932	23347932	0	23347932	4430268	Mozilla/4.0 (compatible; MSIE 8.0; Windows NT 5.1; Trident/4.0; .NET CLR 1.1.4322; .NET CLR 2.0.50727; InfoPath.1; .NET CLR 3.0.4506.2152; .NET CLR 3.5.30729)
4	0	0	0	144	0	0	23346789	0	0	23226232	0	User-Agent\tMozilla/5.0 (compatible; MSIE 9.0; Windows NT 6.1; WOW64; Trident/5.0)
4	513	81	0	183	23314270	0	23314270	23295294	0	23295294	14401781	Mozilla/5.0 (Macintosh; Intel Mac OS X 10_9_2) AppleWebKit/537.36 (KHTML, like Gecko) Chrome/34.0.1847.116 Safari/537.36
4	14	8	0	2	23359494	0	23359494	23351068	0	23359494	350190	Mozilla/4.0 (compatible; MSIE 6.0; Windows NT 5.1; SV1; .NET CLR 1.1.4322)
4	24	20	0	0	23367387	0	0	23354621	0	0	638028	Mozilla/5.0 (Macintosh; Intel Mac OS X 10_9_3) AppleWebKit/537.76.4 (KHTML, like Gecko) Version/7.0.4 Safari/537.76.4
4	162	27	0	54	23266556	0	23266556	23266553	0	23266553	4459077	Mozilla/5.0 (Linux; Android 4.3; SCH-I535 Build/JSS15J) AppleWebKit/537.36 (KHTML, like Gecko) Chrome/33.0.1750.166 Mobile Safari/537.36
4	9	9	0	0	23303555	0	0	23303555	0	0	97947	Mozilla/5.0 (X11; Ubuntu; Linux i686; rv:21.0) Gecko/20100101 Firefox/21.0
4	186	186	0	0	23323022	0	0	23269258	0	0	1888431	Wget/1.12 (linux-gnu)
4	2	2	0	0	23226373	0	0	23226373	0	0	19966	Mozilla/4.0 (compatible; MSIE 8.0; Windows NT 6.0)
4	0	0	0	47	0	0	23283207	0	0	23281466	0	Mozilla/5.0
4	1	1	0	0	23399364	0	0	23399364	0	0	11026	Opera/9.53 (Windows NT 5.1; U; ru)
4	19	19	0	0	23363800	0	0	23363800	0	0	209494	Mozilla/5.0 (Windows NT 6.1; WOW64) AppleWebKit/537.36 (KHTML, like Gecko) Chrome/34.0.1847.131 Safari/537.36
4	87	6	0	22	23402547	0	23402547	23353691	0	23353691	3420618	Mozilla/4.0 (compatible; MSIE 8.0; Windows NT 5.1; Trident/4.0; .NET CLR 2.0.50727; .NET CLR 3.0.4506.2152; .NET CLR 3.5.30729)
4	17	17	0	0	23336490	0	0	23336490	0	0	187442	Mozilla/5.0 (compatible; MSIE 9.0; Windows NT 6.1; WOW64; Trident/5.0) AppleWebKit/537.22 (KHTML, like Gecko) Chrome/25.0.1364.172 Safari/537.22
4	6	1	0	2	23226238	0	23226238	23226238	0	23226238	165151	Mozilla/5.0 (Macintosh; Intel Mac OS X 10_9) AppleWebKit/537.71 (KHTML, like Gecko) Version/7.0 Safari/537.71
4	16	16	0	16	23314313	0	23314313	23294384	0	23294384	160771	Twitterbot/1.0
4	2215	709	0	901	23338594	0	23338602	23226238	0	23226238	47258650	Mozilla/5.0 (Macintosh; Intel Mac OS X 10_9_2) AppleWebKit/537.74.9 (KHTML, like Gecko) Version/7.0.2 Safari/537.74.9
4	52	52	0	0	23389124	0	0	23257685	0	0	533422	BlackBerry9000/4.6.0.167 Profile/MIDP-2.0 Configuration/CLDC-1.1 VendorID/102 ips-agent
4	4	4	0	11	23385263	0	23387759	23385263	0	23377912	44104	Mozilla/4.0 (compatible; MSIE 6.0; Windows NT 5.1; AntiVirus Scanner)
4	0	0	0	3	0	0	23403500	0	0	23403500	0	Mozilla/5.0 (Windows NT 6.0) AppleWebKit/537.1 (KHTML, like Gecko) Chrome/23.0.1271.6 Safari/537.11
4	42	8	0	10	23225221	0	23225221	23225208	0	23225208	369938	Mozilla/5.0 (Macintosh; Intel Mac OS X 10_9_2) AppleWebKit/537.36 (KHTML, like Gecko) Chrome/33.0.1750.117 Safari/537.36
4	294	114	0	381	23363854	0	23375187	23263349	0	23263349	9049555	Mozilla/4.0 (compatible; MSIE 6.0; Windows NT 5.1; SV1)
4	209	19	0	19	23363779	0	23363779	23363778	0	23363779	7369625	Opera/9.64 (Windows NT 6.0; U; ru) Presto/2.1.1
4	41	41	0	0	23239181	0	0	23239181	0	0	409303	testingforex.com
4	22	22	0	22	23347959	0	23347959	23342259	0	23342259	242572	Mozilla/5.0 (compatible; gimme60bot/1.0 ; +http://gimme60.com)
4	134	134	0	0	23400880	0	0	23333735	0	0	0	Mozilla/5.0 (compatible; WebMasterAid/1.0; +http://wmaid.com/explore/)
4	20	20	0	0	23339287	0	0	23311815	0	0	220095	Mozilla/5.0 (X11; Ubuntu; Linux x86_64; rv:16.0) Gecko/20100101 Firefox/16.0
4	143	143	0	209	23401720	0	23401719	23231935	0	23231934	878105	Mozilla/5.0 (compatible; bingbot/2.0; +http://www.bing.com/bingbot.htm)
4	25	4	0	9	23314260	0	23314260	23314257	0	23314257	387769	Mozilla/5.0 (Macintosh; Intel Mac OS X 10_8_5) AppleWebKit/537.36 (KHTML, like Gecko) Chrome/34.0.1847.131 Safari/537.36
4	9	1	0	2	23403863	0	23403863	23403863	0	23403863	285566	Mozilla/4.0 (compatible; MSIE 8.0; Windows NT 5.1; Trident/4.0; .NET CLR 1.1.4322; .NET CLR 2.0.50727)
4	153	33	0	30	23294340	0	23294340	23225197	0	23294339	4272624	Mozilla/4.0 (compatible; MSIE 7.0; Windows NT 6.0; Win64; x64; Trident/5.0; .NET CLR 2.0.50727; SLCC1; .NET CLR 3.5.21022; .NET CLR 3.5.30729; .NET CLR 3.0.30729; .NET4.0C; .NET4.0E)
4	28	4	0	8	23355147	0	23355147	23355146	0	23355146	1092032	Mozilla/4.0 (compatible; MSIE 7.0; Windows NT 5.1; .NET CLR 1.1.4322; .NET CLR 2.0.50727; .NET CLR 3.0.4506.2152; .NET CLR 3.5.30729; InfoPath.2)
4	110	97	0	0	23406513	0	0	23228760	0	0	1270731	facebookexternalhit/1.1 (+http://www.facebook.com/externalhit_uatext.php)
4	41	41	0	0	23238917	0	0	23238917	0	0	409303	Mozilla/5.0 (Windows; U; Windows NT 5.0; es-ES; rv:1.8.0.3) Gecko/20060426 Firefox/1.5.0.3
4	124	31	0	21	23380850	0	23380850	23301455	0	23340172	3631936	Mozilla/4.0 (compatible; MSIE 7.0; Windows NT 5.2)
4	0	0	0	30	0	0	23363089	0	0	23345452	0	Mozilla/5.0 (Windows; U; Windows NT 5.1; en-US) AppleWebKit/533.4 (KHTML, like Gecko) Chrome/5.0.375.99 Safari/533.4
4	1196	145	0	203	23312620	0	23312620	23294712	0	23294712	11350353	Mozilla/5.0 (Macintosh; Intel Mac OS X 10_9_2) AppleWebKit/537.36 (KHTML, like Gecko) Chrome/33.0.1750.152 Safari/537.36
4	0	0	0	19	0	0	23288637	0	0	23288637	0	Mozilla/5.0 (Windows NT 6.1; rv:15.0) Gecko/20120716 Firefox/15.0a2
4	33	3	0	3	23386812	0	23386812	23386812	0	23386812	1163625	Mozilla/4.0 (compatible; MSIE 8.0; Windows NT 6.1; Trident/4.0; SLCC2; .NET CLR 2.0.50727; .NET CLR 3.5.30729; .NET CLR 3.0.30729)
4	5	5	0	0	23352846	0	0	23352846	0	0	55130	Mozilla/5.0 (Macintosh; Intel Mac OS X 10_7_1) AppleWebkit/535.1 (KHTML, like Gecko) Chrome/13.0.782.215 Safari/535.1
4	105	33	0	24	23343711	0	23343711	23226042	0	23343711	3503470	Mozilla/4.0 (compatible; MSIE 7.0; Windows NT 5.1)
4	0	0	0	19	0	0	23288637	0	0	23288637	0	Mozilla/5.0 (Windows NT 6.2; WOW64) AppleWebKit/537.15 (KHTML, like Gecko) Chrome/24.0.1295.0 Safari/537.15
4	10	10	0	0	23301078	0	0	23301078	0	0	101620	Mozilla/5.0 (compatible; Baiduspider/2.0; +http://www.baidu.com/search/spider.html)
4	522	87	0	174	23237024	0	23237024	23232260	0	23232260	14368137	Mozilla/5.0 (Macintosh; Intel Mac OS X 10_9_1) AppleWebKit/537.36 (KHTML, like Gecko) Chrome/33.0.1750.117 Safari/537.36
4	0	0	0	21	0	0	23351135	0	0	23341237	0	Comodo-Webinspector-Crawler 2.1
4	82	82	0	82	23238420	0	23238420	23238394	0	23238394	818606	Mozilla/4.0 (compatible; MSIE 7.0b; Windows NT 6.0)
4	48	48	0	0	23228249	0	0	23228249	0	0	479184	Mozilla/4.0 (compatible; MSIE 8.0; Windows NT 5.1; Trident/4.0;
4	150	14	0	15	23400996	0	23400996	23342169	0	23342169	5315383	Mozilla/4.0 (compatible; MSIE 8.0; Windows NT 6.1; Trident/4.0; SLCC2; .NET CLR 2.0.50727; .NET CLR 3.5.30729; .NET CLR 3.0.30729; Media Center PC 6.0)
4	41	41	0	0	23330023	0	0	23287493	0	0	431206	curl/7.19.7 (x86_64-redhat-linux-gnu) libcurl/7.19.7 NSS/3.14.0.0 zlib/1.2.3 libidn/1.18 libssh2/1.4.2
4	22	2	0	4	23357539	0	23357539	23357539	0	23357539	775750	Mozilla/5.0 (Macintosh; Intel Mac OS X 10_9_3) AppleWebKit/537.36 (KHTML, like Gecko) Chrome/35.0.1916.114 Safari/537.36
4	0	0	0	18	0	0	23351797	0	0	23351797	0	Mozilla/5.0 (Windows NT 6.1) AppleWebKit/537.1 (KHTML, like Gecko) Chrome/24.0.1290.1 Safari/537.13
4	305	47	0	94	23283211	0	23283210	23281466	0	23281466	8606217	Mozilla/5.0 (X11; U; Linux x86_64; en-US) AppleWebKit/533.3 (KHTML, like Gecko) Qt/4.7.1 Safari/533.3
4	17	0	0	0	23336631	0	0	23336631	0	0	1774409	Mozilla/5.0 (Macintosh; Intel Mac OS X 10_8_5) AppleWebKit/537.73.11 (KHTML, like Gecko) Version/6.1.1 Safari/537.73.11
4	121	11	0	11	23345050	0	23345050	23345050	0	23345050	4266625	Opera/9.80 (Windows NT 5.1; U; ru) Presto/2.5.24 Version/10.54
4	11	1	0	1	23401231	0	23401231	23401231	0	23401231	387875	Mozilla/5.0 (Windows NT 6.1; rv:25.0) Gecko/20100101 Firefox/25.0
4	98	98	0	98	23357553	0	23357553	23228764	0	23228764	980420	Mozilla/5.0 (Windows NT 6.1; rv:6.0) Gecko/20110814 Firefox/6.0 Google favicon
4	21	21	0	0	23360454	0	0	23360454	0	0	231546	Mozilla/5.0 (Macintosh; Intel Mac OS X 10.8; rv:16.0) Gecko/20100101 Firefox/16.0
4	11	11	0	0	23344730	0	0	23344730	0	0	121286	niki-bot
4	174	174	0	174	23399871	0	23399871	23235718	0	23235718	1799182	Mozilla/5.0 (Windows; U; Windows NT 5.1; en; rv:1.9.0.13) Gecko/2009073022 Firefox/3.5.2 (.NET CLR 3.5.30729) SurveyBot/2.3 (DomainTools)
4	5	5	0	0	23384134	0	0	23384134	0	0	55130	Mozilla/5.0 (X11; Ubuntu; Linux x86_64; rv:26.0) Gecko/20100101 Firefox/26.0
4	103	103	0	103	23266399	0	23266399	23231108	0	23231108	1028249	Mozilla/5.0 (compatible; electricmonk/3.1.1 +https://www.duedil.com/our-crawler/)
4	430	51	0	85	23407522	0	23407522	23337866	0	23337866	16095391	Mozilla/4.0 (compatible; MSIE 8.0; Windows NT 5.1; Trident/4.0)
4	0	0	0	23	0	0	23304550	0	0	23294025	0	Mozilla/5.0 (Windows NT 5.1; rv:6.0.2) Gecko/20100101 Firefox/6.0.2
5	0	0	0	63	0	0	23360028	0	0	23360028	0	31.42.169.3
5	0	0	0	129	0	0	23235694	0	0	23235694	0	80.184.46.185
5	27	27	0	0	23266200	0	0	23266200	0	0	269541	91.200.13.41
5	19	19	0	0	23363800	0	0	23363800	0	0	209494	162.243.101.146
5	6	6	0	0	23351536	0	0	23351536	0	0	66156	23.236.61.132
5	7	7	0	0	23350098	0	0	23350098	0	0	77182	107.178.223.141
5	2	2	0	2	23357553	0	23357553	23357553	0	23357553	22052	66.249.83.113
5	106	106	0	76	23389124	0	23389124	23234185	0	23234185	1060284	69.58.178.59
5	20	20	0	10	23302087	0	23302087	23302087	0	23302087	203240	69.58.178.57
5	22	22	0	22	23344718	0	23344718	23344718	0	23344718	242572	69.58.178.56
5	54	0	0	0	23276661	0	0	23276661	0	0	2772063	66.249.65.126
5	0	0	0	6	0	0	23382985	0	0	23382985	0	193.28.233.22
5	2	2	0	0	23387514	0	0	23387514	0	0	22052	23.236.55.161
5	44	44	0	0	23233932	0	0	23233932	0	0	439252	110.83.60.24
5	164	81	0	43	23240508	0	23236180	23236188	0	23236180	927827	66.249.64.46
5	16	16	0	0	23337446	0	0	23337446	0	0	176416	107.170.142.214
5	21	21	0	0	23285278	0	0	23285278	0	0	209643	23.251.159.133
5	13	13	0	0	23371674	0	0	23371674	0	0	143338	107.178.211.51
5	1	1	0	0	23396154	0	0	23396154	0	0	11026	107.178.218.67
5	360	40	0	60	23362366	0	23362366	23362333	0	23362333	13217660	37.145.29.45
5	8	8	0	0	23348657	0	0	23348657	0	0	88208	23.236.49.191
5	1	0	0	1	23398264	0	23406585	23398264	0	23406585	104377	66.249.79.73
5	11	11	0	0	23344730	0	0	23344730	0	0	121286	209.190.113.82
5	7	7	0	0	23306369	0	0	23306369	0	0	76181	23.236.61.4
5	4	4	0	0	23310379	0	0	23310379	0	0	43532	23.236.62.55
5	18	18	0	0	23334667	0	0	23334667	0	0	198468	23.236.49.184
5	46	46	0	46	23231788	0	23231788	23231788	0	23231788	459218	208.43.245.104
5	7	1	0	2	23393448	0	23393448	23393448	0	23393448	273008	37.145.89.98
5	121	11	0	11	23345050	0	23345050	23345050	0	23345050	4266625	128.75.252.105
5	18	18	0	0	23289931	0	0	23289931	0	0	179694	23.251.145.73
5	4	2	0	1	23406945	0	23398258	23398264	0	23398258	3783	66.249.79.60
5	17	17	0	0	23336095	0	0	23336095	0	0	187442	107.178.218.247
5	13	13	0	0	23341457	0	0	23341457	0	0	143338	23.236.48.84
5	11	11	0	0	23344373	0	0	23344373	0	0	121286	71.230.148.203
5	2	2	0	1	23398812	0	23399087	23398258	0	23399087	22052	66.249.79.47
5	16	16	0	0	23337284	0	0	23337284	0	0	176416	23.236.56.235
5	18	18	0	0	23334968	0	0	23334968	0	0	198468	191.239.1.173
5	32	32	0	32	23254375	0	23254375	23254375	0	23254375	319456	64.246.165.210
5	6	6	0	0	23381754	0	0	23381754	0	0	66156	23.236.54.12
5	1	1	0	0	23397595	0	0	23397595	0	0	11026	107.178.212.167
5	161	23	0	69	23283211	0	23283210	23283208	0	23283207	4211553	38.99.82.236
5	12	12	0	0	23373116	0	0	23373116	0	0	132312	23.251.154.135
5	48	48	0	0	23228759	0	0	23228759	0	0	479184	213.251.189.205
5	1	1	0	1	23401720	0	23401719	23401720	0	23401719	11026	207.46.13.15
5	27	27	0	0	23274077	0	0	23274077	0	0	269541	23.236.62.175
5	19	19	0	0	23288242	0	0	23288242	0	0	189677	107.170.124.84
5	410	410	0	41	23238420	0	23238420	23238420	0	23238420	4093030	38.99.82.226
5	33	3	0	15	23311478	0	23311478	23311478	0	23311478	1170846	108.65.73.20
5	21	21	0	0	23330023	0	0	23330023	0	0	231546	23.251.145.44
5	4	4	0	0	23385016	0	0	23385016	0	0	44104	199.80.59.174
5	1	1	0	0	23402093	0	0	23402093	0	0	11026	199.80.59.173
5	2	2	0	2	23313354	0	23313354	23313354	0	23313354	22056	64.246.165.180
5	73	13	0	6	23351737	0	23351737	23350819	0	23351737	2404432	128.75.228.124
5	0	0	0	11	0	0	23345452	0	0	23345452	0	89.108.67.190
5	24	24	0	24	23280882	0	23280870	23280882	0	23280870	0	65.55.24.218
5	410	410	0	41	23238394	0	23238394	23238394	0	23238394	4093030	38.99.82.213
5	27	27	0	0	23275492	0	0	23275492	0	0	269541	162.222.181.74
5	15	15	0	15	23294725	0	23294725	23294725	0	23294725	152430	64.246.165.170
5	28	28	0	0	23264484	0	0	23264484	0	0	279524	174.59.77.1
5	9	9	0	9	23377865	0	23377864	23377865	0	23377864	99234	157.55.32.84
5	12	12	0	0	23298318	0	0	23298318	0	0	121944	108.59.86.118
5	312	192	0	72	23281466	0	23281466	23281466	0	23281466	6071808	38.99.82.194
5	17	17	0	0	23291254	0	0	23291254	0	0	169711	173.255.116.238
5	4	4	0	0	23384634	0	0	23384634	0	0	44104	23.236.56.61
5	0	0	0	8	0	0	23349557	0	0	23349557	0	115.79.57.250
5	77	7	0	14	23349980	0	23349980	23349980	0	23349980	2715125	76.104.114.71
5	17	17	0	0	23365933	0	0	23365933	0	0	187442	23.251.149.254
5	225	45	0	180	23231971	0	23233252	23231965	0	23231965	6382395	66.249.66.52
5	49	6	0	12	23405113	0	23405113	23397530	0	23397530	1869850	46.188.44.163
5	15	15	0	0	23368796	0	0	23368796	0	0	165390	23.251.145.14
5	12	2	0	3	23226181	0	23226181	23226181	0	23226181	0	70.193.24.8
5	29	29	0	0	23258893	0	0	23258893	0	0	289507	66.249.73.209
5	9	9	0	9	23347923	0	23347923	23347923	0	23347923	99234	64.246.165.150
5	1	1	0	0	23398019	0	0	23398019	0	0	11026	23.251.148.132
5	72	18	0	0	23290267	0	0	23290267	0	0	2028978	188.65.117.162
5	11	11	0	0	23300105	0	0	23300105	0	0	111782	91.217.90.241
5	0	0	0	27	0	0	23302768	0	0	23302768	0	86.57.193.103
5	0	0	0	27	0	0	23276639	0	0	23276639	0	66.249.73.202
5	25	25	0	0	23324177	0	0	23324177	0	0	275650	199.223.234.85
5	541	79	0	122	23337479	0	23337479	23248939	0	23248939	17491982	66.249.73.188
5	184	46	0	104	23336004	0	23335999	23316810	0	23316810	5482556	66.249.73.185
5	48	48	0	0	23228413	0	0	23228413	0	0	479184	192.95.22.19
5	2	0	0	1	23359933	0	23359645	23359933	0	23359645	108091	66.249.79.255
5	19	19	0	0	23288291	0	0	23288291	0	0	189677	107.178.213.36
5	14	14	0	0	23295465	0	0	23295465	0	0	142268	108.59.87.186
5	27	27	0	27	23266399	0	23266399	23266399	0	23266399	269541	54.217.3.205
5	721	161	0	485	23356379	0	23356374	23229897	0	23229897	20393538	66.249.66.113
5	0	0	0	8	0	0	23349557	0	0	23349557	0	189.190.59.235
5	4	4	0	0	23355078	0	0	23355078	0	0	44104	176.9.50.43
5	33	33	0	33	23251646	0	23251646	23251646	0	23251646	329439	188.65.117.141
5	1	1	0	0	23400474	0	0	23400474	0	0	11026	23.251.155.90
5	28	28	0	0	23318421	0	0	23318421	0	0	308728	23.236.62.107
5	10	10	0	0	23345816	0	0	23345816	0	0	110260	23.251.149.216
5	0	0	0	58	0	0	23317473	0	0	23317473	0	204.11.245.87
5	27	2	0	5	23391380	0	23391380	23391133	0	23391133	1017397	95.220.156.91
5	1	1	0	0	23407678	0	0	23407678	0	0	11026	130.211.157.234
5	30	30	0	0	23315736	0	0	23315736	0	0	330780	23.251.149.195
5	0	0	0	18	0	0	23334353	0	0	23334353	0	8.35.201.42
5	18	18	0	0	23334353	0	0	23334353	0	0	198468	8.35.201.39
5	1	1	0	0	23401913	0	0	23401913	0	0	11026	162.222.181.147
5	29	29	0	0	23378980	0	0	23360454	0	0	319754	91.236.74.121
5	5	5	0	0	23384134	0	0	23384134	0	0	55130	178.208.78.56
5	22	22	0	0	23283796	0	0	23283796	0	0	219626	173.255.116.163
5	0	0	0	9	0	0	23408641	0	0	23352835	0	188.143.233.7
5	0	0	0	3	0	0	23403500	0	0	23403500	0	176.123.0.174
5	41	41	0	0	23238917	0	0	23238917	0	0	409303	37.187.26.192
5	96	96	0	0	23229929	0	0	23227082	0	0	958368	198.186.192.44
5	8	0	0	0	23378939	0	0	23378939	0	0	835016	66.249.79.214
5	91	91	0	0	23232454	0	0	23231865	0	0	908453	37.200.65.208
5	1	0	0	0	23406513	0	0	23406513	0	0	9000	66.220.158.119
5	1	0	0	0	23406513	0	0	23406513	0	0	14372	66.220.158.118
5	1	0	0	0	23406513	0	0	23406513	0	0	9000	66.220.158.117
5	1	0	0	0	23406513	0	0	23406513	0	0	9000	66.220.158.116
5	1	0	0	0	23406513	0	0	23406513	0	0	4130	66.220.158.115
5	1	1	0	0	23406513	0	0	23406513	0	0	11026	66.220.158.114
5	86	86	0	0	23240694	0	0	23231416	0	0	858538	166.78.181.113
5	1	0	0	0	23406513	0	0	23406513	0	0	9000	66.220.158.113
5	97	11	0	17	23358043	0	23358043	23355146	0	23355146	3577423	46.188.21.48
5	1	0	0	0	23406513	0	0	23406513	0	0	7256	66.220.158.112
5	0	0	0	34	0	0	23250644	0	0	23250644	0	112.94.189.164
5	13	13	0	13	23296668	0	23296668	23296668	0	23296668	132106	66.249.74.241
5	33	11	0	0	23375644	0	0	23375640	0	0	1270192	66.249.79.190
5	22	2	0	2	23388734	0	23388734	23388734	0	23388734	775750	93.80.132.90
5	27	10	0	10	23378939	0	23378555	23359645	0	23359651	140593	66.249.79.182
5	4	4	0	22	23385263	0	23387759	23385263	0	23375187	44104	188.40.114.21
5	27	27	0	0	23269258	0	0	23269258	0	0	269541	23.236.51.130
5	25	25	0	0	23278137	0	0	23278137	0	0	249575	23.236.57.204
5	6	6	0	0	23382945	0	0	23382945	0	0	66156	66.220.7.244
5	2	1	0	0	23396036	0	0	23395614	0	0	11095	66.249.79.176
5	4	4	0	0	23226042	0	0	23226042	0	0	39932	38.100.25.115
5	30	30	0	30	23258113	0	23258113	23258113	0	23258113	299490	54.73.84.128
5	0	0	0	19	0	0	23363089	0	0	23363089	0	178.63.63.44
5	6	6	0	6	23382690	0	23382690	23382690	0	23382690	66156	64.246.161.30
5	55	55	0	0	23272811	0	0	23227312	0	0	549065	198.101.238.203
5	41	41	0	0	23239181	0	0	23239181	0	0	409303	95.81.255.102
5	2	1	0	1	23395614	0	23395611	23395611	0	23395611	115403	66.249.79.163
5	27	27	0	0	23266423	0	0	23266423	0	0	269541	66.249.68.255
5	10	0	0	10	23376206	0	23376163	23376206	0	23376163	291100	66.249.79.158
5	18	18	0	18	23365236	0	23365236	23365236	0	23365236	198468	64.246.161.190
5	1	1	0	0	23391834	0	0	23391834	0	0	11026	199.223.236.108
5	1	0	0	0	23395614	0	0	23395614	0	0	3714	66.249.79.150
5	0	0	0	1	0	0	23390286	0	0	23390286	0	23.81.179.226
5	0	0	0	8	0	0	23349557	0	0	23349557	0	178.127.140.187
5	8	1	0	3	23389056	0	23389056	23389056	0	23389056	377385	95.220.81.3
5	1	1	0	0	23399034	0	0	23399034	0	0	11026	108.59.83.243
5	0	0	0	32	0	0	23367792	0	0	23367790	0	157.55.34.29
5	25	15	0	10	23352846	0	23352846	23352845	0	23352846	456490	216.38.216.101
5	39	39	0	0	23242288	0	0	23242288	0	0	389337	162.243.20.47
5	1	1	0	0	23314895	0	0	23314895	0	0	11026	107.178.214.214
5	4	4	0	4	23354282	0	23354271	23354282	0	23354271	0	65.55.52.89
5	0	0	0	28	0	0	23263349	0	0	23263349	0	37.45.36.196
5	1	1	0	0	23390394	0	0	23390394	0	0	11026	130.211.135.11
5	27	2	0	5	23390724	0	23390724	23390124	0	23390124	1017397	95.220.150.100
5	40	10	0	0	23301455	0	0	23301455	0	0	1129030	38.100.21.64
5	28	7	0	7	23380850	0	23380850	23380850	0	23380850	834302	38.100.21.63
5	56	14	0	14	23340172	0	23340172	23340172	0	23340172	1668604	38.100.21.62
5	48	48	0	0	23228345	0	0	23228345	0	0	479184	184.168.224.190
5	27	27	0	0	23275656	0	0	23275656	0	0	269541	23.251.150.101
5	21	10	0	11	23376163	0	23375640	23375644	0	23375640	151114	66.249.79.126
5	7	7	0	0	23351068	0	0	23351068	0	0	77182	96.227.124.38
5	2	2	0	0	23404794	0	0	23403354	0	0	22052	108.59.80.19
5	32	32	0	32	23254451	0	23254452	23254451	0	23254452	319456	65.181.120.179
5	27	0	0	54	23266426	0	23266426	23266426	0	23266423	2698947	66.249.68.214
5	26	26	0	0	23323022	0	0	23323022	0	0	286676	173.255.113.65
5	48	48	0	48	23228764	0	23228764	23228764	0	23228764	479184	66.249.81.236
5	162	27	0	54	23266556	0	23266556	23266553	0	23266553	4459077	173.165.158.178
5	3	3	0	0	23355857	0	0	23355857	0	0	33078	23.236.53.55
5	13	13	0	0	23296777	0	0	23296777	0	0	132106	173.255.117.168
5	18	18	0	0	23335249	0	0	23335249	0	0	198468	54.237.35.241
5	29	0	0	0	23259589	0	0	23259589	0	0	78532	66.249.68.190
5	1	1	0	0	23388955	0	0	23388955	0	0	11026	130.211.174.74
5	59	26	0	37	23340181	0	23340181	23299083	0	23299083	1406459	66.249.74.144
5	54	0	0	0	23266426	0	0	23266426	0	0	74979	66.249.68.182
5	0	0	0	8	0	0	23304550	0	0	23304550	0	180.76.5.169
5	48	48	0	48	23228792	0	23228792	23228792	0	23228792	479184	66.249.93.236
5	12	12	0	0	23342899	0	0	23342899	0	0	132312	173.255.112.204
5	65	65	0	65	23399871	0	23399871	23235718	0	23235718	671841	216.145.14.142
5	378	42	0	63	23360946	0	23360946	23360886	0	23360886	13878543	185.18.22.183
5	37	37	0	0	23331589	0	0	23301950	0	0	398321	94.242.222.29
5	22	22	0	0	23300472	0	0	23300472	0	0	111782	95.211.168.82
5	11	11	0	0	23374555	0	0	23374555	0	0	121286	173.255.117.145
5	0	0	0	2	0	0	23387789	0	0	23387789	0	162.243.194.196
5	33	33	0	0	23385700	0	0	23349108	0	0	363858	216.172.56.37
5	16	16	0	0	23292729	0	0	23292729	0	0	159728	23.236.61.44
5	10	10	0	0	23301078	0	0	23301078	0	0	101620	180.76.5.153
5	0	0	0	21	0	0	23285719	0	0	23285719	0	62.193.196.86
5	0	0	0	48	0	0	23292622	0	0	23292622	0	91.200.14.72
5	23	23	0	0	23282416	0	0	23282416	0	0	229609	173.255.118.251
5	29	0	0	29	23259589	0	23259589	23259589	0	23259589	2001	66.249.68.158
5	46	46	0	46	23231108	0	23231108	23231108	0	23231108	459218	54.195.136.148
5	15	15	0	0	23293801	0	0	23293801	0	0	149745	173.255.117.132
5	31	31	0	31	23256318	0	23256318	23256318	0	23256318	0	157.55.33.252
5	2433	282	0	390	23343711	0	23343711	23334379	0	23334379	90156267	188.244.34.249
5	10	10	0	0	23375995	0	0	23375995	0	0	110260	23.236.55.95
5	0	0	0	170	0	0	23336866	0	0	23336866	0	188.165.212.171
5	389	43	0	173	23316946	0	23316971	23295291	0	23295291	13236557	173.10.249.218
5	1	1	0	0	23358738	0	0	23358738	0	0	11026	23.251.151.136
5	8	8	0	0	23379713	0	0	23379713	0	0	88208	107.170.67.133
5	164	43	0	80	23244842	0	23242857	23236180	0	23238537	4938816	66.249.64.6
5	21	21	0	0	23360176	0	0	23360176	0	0	231546	23.251.157.196
5	0	0	0	8	0	0	23349557	0	0	23349557	0	117.211.88.74
5	132	88	0	132	23233698	0	23233698	23233698	0	23233698	2159344	206.183.1.74
5	137	15	0	22	23350863	0	23350863	23349690	0	23349690	5014056	188.35.22.19
5	236	77	0	78	23244842	0	23244820	23236188	0	23240500	8571238	66.249.64.1
5	0	0	0	28	0	0	23263349	0	0	23263349	0	37.77.110.10
5	0	0	0	28	0	0	23263349	0	0	23263349	0	151.237.154.32
5	18	18	0	0	23335084	0	0	23335084	0	0	198468	148.251.50.43
5	1	1	0	0	23397480	0	0	23397480	0	0	11026	198.50.28.186
5	8	8	0	8	23304829	0	23304810	23304829	0	23304810	87064	157.55.32.101
5	0	0	0	57	0	0	23288637	0	0	23288637	0	78.188.218.208
5	8	8	0	0	23379244	0	0	23379244	0	0	88208	107.178.220.87
5	108	9	0	18	23347932	0	23347932	23347932	0	23347932	4430268	95.25.150.193
5	105	105	0	98	23365381	0	23366819	23311815	0	23327272	1157305	71.189.164.218
5	1	1	0	0	23398380	0	0	23398380	0	0	11026	192.99.200.213
5	20	20	0	0	23286725	0	0	23286725	0	0	199660	162.222.183.173
5	4	4	0	0	23354417	0	0	23354417	0	0	44104	173.255.118.190
5	0	0	0	8	0	0	23349557	0	0	23349557	0	178.125.84.166
5	75	15	0	15	23294339	0	23294339	23294339	0	23294339	2127465	97.74.104.7
5	28	28	0	0	23263349	0	0	23263349	0	0	279524	85.206.16.209
5	78	18	0	15	23294340	0	23294340	23225197	0	23294340	2145159	97.74.104.6
5	59	59	0	0	23258715	0	0	23258430	0	0	588997	188.226.189.197
5	17	17	0	0	23336092	0	0	23336092	0	0	187442	46.119.127.227
5	5	5	0	0	23383194	0	0	23383194	0	0	55130	107.178.220.63
5	27	27	0	81	23268995	0	23268995	23268995	0	23268995	269541	136.169.10.10
5	0	0	0	3	0	0	23398652	0	0	23398652	0	188.143.235.97
5	3071	481	0	777	23373243	0	23373243	23225208	0	23225208	56141810	64.20.30.66
5	19	19	0	0	23332723	0	0	23332723	0	0	209494	107.178.219.60
5	45	45	0	0	23232384	0	0	23232384	0	0	449235	46.4.113.114
5	9	9	0	9	23347716	0	23347716	23347716	0	23347716	99234	5.199.175.174
5	1	1	0	0	23399364	0	0	23399364	0	0	11026	5.9.74.174
5	5	5	0	0	23308350	0	0	23308350	0	0	54415	107.178.220.53
5	150	150	0	0	23404377	0	0	23333735	0	0	0	188.92.76.167
5	5	5	0	0	23383122	0	0	23383122	0	0	55130	23.20.118.230
5	12	2	0	4	23225419	0	23225419	23225419	0	23225419	330302	70.193.3.16
5	22	2	0	2	23312998	0	23312998	23312998	0	23312998	662376	70.193.7.1
5	0	0	0	21	0	0	23379213	0	0	23296897	0	176.109.195.139
5	9	9	0	0	23303555	0	0	23303555	0	0	97947	23.92.60.139
5	0	0	0	28	0	0	23263349	0	0	23263349	0	178.123.28.252
5	22	22	0	0	23329089	0	0	23329089	0	0	242572	107.178.221.121
5	68	17	0	34	23336631	0	23336631	23336631	0	23336631	2026162	62.219.8.237
5	1	1	0	0	23226207	0	0	23226207	0	0	9983	199.30.228.147
5	0	0	0	60	0	0	23362535	0	0	23362535	0	92.63.81.197
5	17	17	0	0	23336490	0	0	23336490	0	0	187442	62.219.8.233
5	102	102	0	121	23379156	0	23378806	23362320	0	23362002	1124652	5.255.253.90
5	20	20	0	0	23361616	0	0	23361616	0	0	220520	173.255.113.184
5	342	38	0	57	23363854	0	23363854	23363778	0	23363779	12556777	185.18.23.175
5	29	29	0	0	23316985	0	0	23316985	0	0	319754	162.222.177.163
5	102	0	0	0	23336657	0	0	23336657	0	0	4072843	192.114.71.13
5	5	5	0	0	23352977	0	0	23352977	0	0	55130	108.59.84.171
5	27	27	0	27	23273087	0	23273087	23273087	0	23273087	269541	64.246.165.10
5	7	7	0	0	23380314	0	0	23380314	0	0	77182	107.178.220.24
5	42	42	0	0	23236799	0	0	23236799	0	0	0	107.170.73.88
5	1	1	0	0	23406234	0	0	23406234	0	0	11026	146.148.43.163
5	19	19	0	0	23333105	0	0	23333105	0	0	209494	162.222.183.113
5	63	9	0	18	23347987	0	23347986	23347986	0	23347986	2457072	128.75.230.73
5	18	2	0	3	23359494	0	23359494	23359456	0	23359456	660883	95.25.8.63
5	65	36	0	36	23259589	0	23247177	23247177	0	23247177	3258257	66.249.75.113
5	9	9	0	0	23377435	0	0	23377435	0	0	99234	162.222.183.106
5	17	17	0	0	23336225	0	0	23336225	0	0	187442	23.236.59.191
5	11	1	0	1	23392567	0	23392567	23392567	0	23392567	387875	95.220.182.8
5	9	9	0	0	23347225	0	0	23347225	0	0	99234	107.178.210.1
5	7	1	0	2	23407522	0	23407522	23407522	0	23407522	273008	176.195.74.120
5	37	37	0	0	23246058	0	0	23246058	0	0	369371	5.56.63.101
5	7	1	0	2	23390805	0	23390805	23390805	0	23390805	273008	37.145.91.49
5	0	0	0	15	0	0	23294025	0	0	23294025	0	180.76.6.132
5	1	1	0	0	23227265	0	0	23227265	0	0	9983	192.237.216.89
5	24	24	0	0	23281672	0	0	23281672	0	0	239592	23.251.158.195
5	669	426	0	528	23343431	0	23303024	23294344	0	23294344	11009487	71.204.226.89
5	45	45	0	0	23233058	0	0	23233058	0	0	449235	50.193.202.82
5	54	6	0	9	23386847	0	23386847	23386812	0	23386812	1982649	95.220.91.22
5	6	6	0	0	23382183	0	0	23382183	0	0	66156	95.141.38.74
5	18	18	0	0	23364491	0	0	23364491	0	0	198468	107.178.209.151
5	1	1	0	0	23394714	0	0	23394714	0	0	11026	173.255.113.140
5	334	81	0	84	23243856	0	23238309	23225347	0	23225347	11279365	71.226.99.21
5	34	34	0	0	23352044	0	0	23264169	0	0	345680	64.202.161.47
5	21	21	0	21	23330400	0	23330398	23330400	0	23330398	231546	157.56.92.148
5	79	79	0	40	23352044	0	23346789	23230498	0	23346789	797005	64.202.161.46
5	70	14	0	14	23295974	0	23295972	23295972	0	23295972	1988182	66.249.70.113
5	1	1	0	0	23395363	0	0	23395363	0	0	11026	62.210.129.169
5	1	1	0	0	23226232	0	0	23226232	0	0	9983	64.202.161.44
5	24	24	0	0	23325617	0	0	23325617	0	0	264624	23.236.54.202
5	0	0	0	28	0	0	23263349	0	0	23263349	0	178.125.37.181
5	27	27	0	0	23272926	0	0	23272926	0	0	269541	162.222.178.219
5	86	86	0	114	23396774	0	23346789	23230498	0	23226232	871054	64.202.161.41
5	48	48	0	0	23228760	0	0	23228760	0	0	479184	173.252.120.118
5	48	48	0	0	23228760	0	0	23228760	0	0	479184	173.252.120.116
5	2	2	0	0	23357298	0	0	23357298	0	0	22052	23.251.156.94
5	19	19	0	0	23363057	0	0	23363057	0	0	209494	199.223.233.120
5	105	25	0	67	23332038	0	23345512	23324171	0	23324171	4611830	5.255.253.16
5	21	0	0	21	23285894	0	23285890	23285894	0	23285890	1449	66.249.65.255
5	160	32	0	64	23255322	0	23255322	23255322	0	23255322	4538592	82.145.46.102
5	22	2	0	2	23357553	0	23357553	23357553	0	23357553	775750	66.249.88.185
5	490	70	0	100	23406513	0	23406513	23295294	0	23295294	16589710	76.26.220.192
5	0	0	0	34	0	0	23366261	0	0	23366254	0	157.55.33.33
5	483	77	0	152	23303293	0	23303293	23225485	0	23225485	9293292	98.124.117.205
5	45	45	0	45	23231935	0	23231934	23231935	0	23231934	449235	157.55.33.27
5	115	10	0	30	23353733	0	23353733	23353691	0	23353691	4512650	128.75.245.172
5	15	15	0	0	23338583	0	0	23338583	0	0	165390	107.178.208.82
5	0	0	0	11	0	0	23299931	0	0	23299931	0	62.193.192.235
5	121	20	0	58	23313511	0	23313511	23303455	0	23303455	3655207	74.243.255.74
5	20	20	0	0	23349639	0	0	23298813	0	0	210152	74.52.245.146
5	25	25	0	0	23344337	0	0	23340016	0	0	275650	23.236.59.87
5	48	48	0	0	23228249	0	0	23228249	0	0	479184	208.43.251.182
5	0	0	0	18	0	0	23351797	0	0	23351797	0	91.208.16.231
5	7	1	0	2	23400996	0	23400996	23400996	0	23400996	273008	176.195.57.25
5	6	6	0	0	23306858	0	0	23306858	0	0	65298	107.178.208.66
5	129	129	0	0	23359121	0	0	23237198	0	0	1290936	199.217.119.4
5	124	124	0	0	23249318	0	0	23230604	0	0	1237892	192.96.204.42
5	26	26	0	0	23277422	0	0	23277422	0	0	259558	23.251.148.29
5	42	21	0	0	23285894	0	0	23285890	0	0	2308824	66.249.65.214
5	26	26	0	0	23323443	0	0	23323443	0	0	286676	23.236.60.65
5	1	1	0	1	23314217	0	23314217	23314217	0	23314217	11028	178.74.105.49
5	16	16	0	0	23367372	0	0	23367372	0	0	176416	199.223.235.18
5	0	0	0	14	0	0	23341237	0	0	23341237	0	107.170.205.235
5	24	0	0	12	23343595	0	23343595	23343595	0	23343595	1253352	66.249.70.52
5	0	0	0	7	0	0	23351135	0	0	23351135	0	188.226.233.85
5	0	0	0	24	0	0	23379700	0	0	23379700	0	95.87.43.147
5	0	0	0	48	0	0	23348670	0	0	23348670	0	78.25.25.153
5	0	0	0	27	0	0	23302762	0	0	23302762	0	95.135.60.205
5	42	0	0	0	23285894	0	0	23285894	0	0	668178	66.249.65.182
5	0	0	0	3	0	0	23403616	0	0	23402917	0	116.231.248.144
5	25	25	0	0	23278476	0	0	23278476	0	0	249575	23.251.159.203
5	55	5	0	10	23352834	0	23352835	23352834	0	23352834	1939375	193.158.223.14
5	1	0	0	0	23406513	0	0	23406513	0	0	191051	173.252.103.7
5	3	0	0	0	23406513	0	0	23406513	0	0	34505	173.252.103.4
5	27	27	0	0	23267721	0	0	23267721	0	0	269541	198.245.61.43
5	2	2	0	0	23226373	0	0	23226373	0	0	19966	23.239.196.71
5	1	1	0	0	23393274	0	0	23393274	0	0	11026	23.251.158.96
5	2	0	0	0	23406513	0	0	23406513	0	0	14023	173.252.103.1
5	54	27	0	29	23276661	0	23258893	23276639	0	23258893	271404	66.249.65.158
5	15	15	0	15	23294384	0	23294384	23294384	0	23294384	149745	199.59.148.209
5	1	1	0	1	23314313	0	23314313	23314313	0	23314313	11026	199.59.148.210
5	20	20	0	0	23287493	0	0	23287493	0	0	199660	23.251.159.172
5	14	14	0	0	23370234	0	0	23370234	0	0	154364	23.236.50.239
5	3	3	0	0	23386075	0	0	23386075	0	0	33078	23.236.50.235
z	0	1915	614	23406945	0
z	2	1791	0	23407522	123579
z	4	8456	5192	23407522	67657552
z	5	6257	2369	23407678	193919260
z	6	1603	0	23407522	210954241
c	200	18200	23407678
c	206	110	23406513
c	304	1712	23406945
c	404	7117	23408641
